16,  5, 16,  5, 16, 17, 14,  1
 4,  7, 15, 15, 23, 10, 17, 16,  8, 21, 24, 25, 18,  4, 14
 1, 15,  3, 25, 23, 17, 19, 23
 3, 22, 20, 18, 12, 22,  6,  9, 13, 13, 20
 8,  4,  1,  1,  8,  1, 12,  9, 21, 10, 18, 16, 20
 9,  6, 20, 20,  7
19, 20, 10, 12, 15, 12,  9, 19, 19,  8, 10, 21
 8,  5, 14, 10, 18,  3
 8, 16, 14,  1, 22, 12, 18
21,  9, 22, 10, 20, 12, 22, 12
24, 25, 24, 24, 16,  8, 11,  9, 15, 15, 16, 23, 16, 17, 17
22, 13, 11,  1, 23, 24, 21, 21, 16
 3, 15, 25,  7,  1, 22,  8, 20,  7,  1
14,  1, 22, 19, 17,  9,  6,  8,  8, 21,  8,  2, 12
 9, 14,  2,  1, 20, 15
10,  1, 22, 17, 25, 16,  3, 20,  5, 10,  8, 10,  8
 6, 24,  8, 12, 17, 18
 8, 19, 23,  3,  3, 21, 21, 25,  4, 24,  1,  1, 22
 7, 11, 25, 25,  3,  8
11, 11,  7, 10,  9, 17,  4, 12, 18, 13, 16,  7
16, 17,  9, 14, 18
20, 21,  2, 10, 20,  9, 16
 4, 20, 21,  6, 10, 23
19,  5, 15,  3, 12, 24, 25,  9,  4,  9,  3
17,  7, 23,  5, 10,  3,  6, 20, 18
 1,  9, 19,  2, 24, 21, 12, 17, 14, 22, 19
 8,  3, 21, 22, 13, 15,  4
 6, 25, 19, 22, 12,  7, 24, 11,  3, 22, 17
25, 12, 14,  5,  4, 17, 20, 13
13, 18, 24, 19,  6, 19, 18
 9, 17, 20,  7, 14, 21,  7,  5,  7, 19,  9,  3, 14
18, 25, 18,  8, 19, 21,  2, 15, 14,  2, 22
 8,  3, 14, 20, 24,  4, 18, 24,  7, 23
17, 20,  8,  8,  1,  4,  2
23, 24,  8, 20,  2, 13,  4, 14,  8, 20, 19,  7,  6, 11,  2
 6, 13, 19, 20,  3,  2, 25, 12,  2,  1, 10, 12,  2
 7, 25, 14, 24,  9, 16
19, 20,  9, 21, 11, 17, 21, 18,  4, 11
10,  5,  6,  3,  3, 13
17,  2,  5,  5,  1, 25, 14,  8, 17,  5, 24, 22,  9,  9,  4
24,  8,  7,  4, 13, 15
16,  2, 10,  2,  4, 11, 19, 14
13, 11,  5, 23, 16
 5, 19, 25, 13, 16,  5,  7, 21
18,  5, 23, 13, 25, 20, 17,  9,  2, 23,  6, 11, 20
 3, 15, 11, 19,  6, 18, 11, 12, 12, 13, 10
 1, 24, 17,  1,  1, 22,  7,  9, 13,  6, 12, 17, 22,  6
 9, 25, 19,  2, 13, 16, 14,  5,  8, 12,  8, 11, 24,  6
 1, 22, 20,  2,  1, 18, 16,  5,  2,  4, 20, 11, 21
16, 25,  9, 19, 17, 12, 13,  7, 15, 21,  6
22,  3, 20,  6, 14,  1, 13, 24, 15,  2,  4, 17,  2
 3,  9,  3, 12, 21, 10, 13,  4
 9,  4, 12, 23, 17,  2
21,  1, 25, 15,  8, 11, 24, 19, 24, 24
14,  9, 19, 17, 13
11, 24,  3, 22, 15,  8,  9, 14,  3,  5, 13
 1, 23, 15,  4,  6, 13, 22, 25
25, 22,  7, 19,  5, 20
25, 10,  2,  9, 13
11, 22, 25,  3, 19, 20, 17, 14, 16,  4,  7
25,  7, 22, 21,  4,  4, 18, 19,  8, 18
21, 12, 15,  5, 17, 13, 16,  7, 17,  2
14,  2, 16,  6, 17
13,  5,  7,  2,  2, 10
22,  6,  8, 10, 11, 21,  2, 23,  2, 24
 8, 24, 14, 25, 10, 19,  6, 14,  9, 16, 15, 14,  8
 9,  8, 15, 23, 24, 24, 22, 23,  2,  3,  6, 20, 15, 10, 15
18, 23,  1, 22, 10, 10, 14
21,  5, 19, 13,  2,  5,  2,  3
 5,  8, 11,  2,  3, 11
13, 14, 15, 16, 11, 21, 13,  8, 24,  7,  7, 23
17, 25, 15, 17,  9,  4, 23
25, 11, 12, 17, 18,  5,  4,  7,  2, 25,  7,  6, 16, 21
12, 14,  4,  9, 19
25,  1, 11, 24,  4, 15, 24, 25, 23, 14, 17, 23
23, 14, 18,  8,  7, 23, 15, 25, 24, 17, 22,  4, 22, 19, 25
14,  4, 19,  2,  5, 22, 12,  8, 13,  6,  1,  9
 2, 23,  1,  2, 21,  3, 12,  6,  8, 20,  6, 13
23, 19,  5, 15, 24,  5,  3, 20, 11, 23
 7, 16,  3, 21, 21
 1, 20, 19, 11,  1, 13,  5, 21,  1,  2
15, 12, 18, 25, 22, 11,  6, 19,  7
21, 24, 16, 15,  8
 8, 12, 10, 16, 10, 22,  5
 9, 24,  8,  3,  5,  2, 22
25,  6, 18,  8, 13, 16, 17,  6,  5,  8,  6,  8, 17, 16, 11
 9,  1,  6, 14,  1
21, 24, 16, 19, 25,  2,  2, 12
19, 16, 14, 21, 24
 1,  4,  4, 19,  5, 23,  8,  2,  7, 23, 21, 14, 24, 23, 18
 9,  6,  2, 19, 19, 13,  4, 25, 25, 16, 16,  3
10, 13, 12, 14, 19, 11, 22,  3,  2,  6, 12, 17, 13, 22,  6
 8, 12,  9,  3, 19
 8,  2,  6,  7, 17,  1,  1,  5, 22,  6, 23, 21
13, 25, 19,  2, 21, 16,  2,  3, 13, 20,  1, 21, 16
13,  1, 16,  7, 18, 17,  7, 24, 23, 19,  8,  1,  7
12, 11, 17, 16, 18, 14
 6, 15,  2, 23,  5, 16, 10
22, 10,  4,  8, 25, 21, 15,  6,  8
 5, 15, 14, 18, 15,  1, 14, 12,  2,  8, 18
23, 23, 18,  5, 11,  7, 19, 25, 12
14, 10, 22,  7, 24, 21, 20
16, 13, 14,  4, 23, 13,  1, 24
 6, 25,  7, 13, 10
 1, 24, 16,  5,  3,  6,  5, 23,  6,  6, 15, 11,  2, 15
 9, 23,  6, 23, 11,  5, 24,  5, 14, 20,  6, 10,  3,  7
 5, 24, 17, 11, 10, 21,  3, 23,  8, 25, 20
 7, 14, 21, 14, 12,  3, 25, 24,  6, 25,  9,  1,  2
16, 25, 12, 12, 14,  2, 11,  7, 20, 25
23,  4,  1, 15, 21, 13, 24,  9, 14, 12, 11,  2
16,  7, 20,  7, 12, 18,  7, 15,  7, 23, 15,  1, 20, 18
 8, 16,  2, 23, 23, 10, 24, 20
 6, 10,  8, 20, 15, 15,  7
13, 19, 15,  2, 19, 12, 25,  1
 9, 12, 22, 16, 23, 22,  2,  4, 18, 22, 14,  1, 10,  9, 10
21, 10, 13,  9, 19, 19,  4,  3, 13, 24,  1
11, 16,  7, 25,  1, 12, 14, 18,  6
 5, 10, 14, 17, 20, 12, 15, 25, 13, 23,  9, 13, 14
18, 14, 12,  3,  6
20,  7,  2, 22, 11, 25,  2,  3, 16, 11
11, 20, 22, 25,  8,  1,  4, 11, 14, 23,  6, 20
16, 25, 10,  2, 22,  1, 22,  1, 10, 17
12, 10,  3, 10, 22, 17
 1, 17, 11, 13,  9
20, 20, 12,  4,  8, 15, 16,  3,  6
14,  8, 14,  6, 13, 24, 13, 20, 14,  3,  8, 13, 15,  6, 21
16,  3,  7,  7, 16, 11, 14,  7
10,  3, 15, 24, 15, 18, 10, 18, 18, 13, 23, 14, 12,  1
17, 11,  6,  7,  5, 14,  4, 16,  4,  5
14, 18,  5,  3, 15, 19, 15, 10, 14, 22, 16, 25, 21
 7, 22, 18,  1, 23,  1, 13, 25,  8,  5,  8
16, 19,  4,  1,  5, 12, 10,  8, 11,  1
14,  7, 10, 16, 20, 15, 11,  6, 18, 10, 18,  9, 10
25,  2,  3,  3, 11,  2, 12, 24, 20
19,  1,  9, 22, 18, 22, 16, 20, 11, 10,  5, 24,  4,  6, 15
21, 25,  3, 20, 13, 22, 13
12,  7,  1,  8,  4, 18,  9
12,  6, 16,  5, 19, 22,  4, 10, 21
18, 22,  7,  6, 12, 11, 14,  2, 22
 3,  2, 11, 17,  9,  1, 19, 25, 17, 12,  8
 5, 11, 25, 14,  7,  2, 15, 15,  9, 12, 18
12, 25,  9,  8, 16, 14, 15, 16, 10
 8,  9, 17, 20, 22,  8,  1, 14, 23,  2,  5, 18,  8,  8
 7,  2,  8, 13, 18, 14,  5, 25, 11,  1, 25
23,  5, 12, 25, 20, 21,  4,  8, 25,  5,  1
23,  2,  8, 11,  9,  2,  1, 19
 1, 12, 20, 25,  6,  6, 23,  3
19, 20, 23, 12,  6
12, 23,  1,  2, 19, 17,  9
23, 11,  9, 21, 19, 17,  7,  9,  3, 18
21, 22, 22, 11, 25, 14, 23
 9, 23,  7, 16, 10,  2,  2, 10, 10, 16, 21, 16, 12
24,  9, 22, 17, 16, 25,  8, 11, 16, 16,  9, 10,  3
 6, 24, 21, 21,  5, 10,  5, 11, 11, 19, 23
12, 25,  7, 16, 25
15,  4, 17,  3,  7
 6, 12, 24, 22, 25,  8,  2, 15,  1,  6, 15, 13, 22
19, 17, 21, 24,  8, 20, 16, 20, 25
 2, 11, 24,  4,  4,  7, 20,  8, 24, 10
 4, 21,  6,  9,  3, 14, 14, 17
11,  8,  2, 24,  6,  8, 22,  8, 14, 11, 14,  1
15, 24, 25, 13, 12, 23, 15,  7,  4, 14,  1, 25
 9,  7,  1, 22,  6, 17, 23, 20, 16
17, 11,  4, 21, 24
24,  4, 11, 15,  2, 20, 25, 18, 18
 1, 14, 12, 13, 21,  2,  9, 17
16,  1,  1,  5,  7,  4, 19,  8,  8, 15, 21, 16
 4, 25,  6, 22, 15, 11, 13, 16,  1
 2, 20, 24, 12,  1,  8, 22, 24, 22
15,  7,  3,  2, 15, 22, 22
 8, 10, 21, 12, 21, 13,  1,  8, 19, 21, 23,  5, 12
 6, 16,  8, 19,  3, 10, 14, 15, 20,  6, 16
19, 21, 14,  8, 18, 22, 15, 14, 14, 19
21, 12, 22, 22, 17, 22, 25
20, 14, 24,  1,  9,  6, 25,  6
15, 14,  1, 10, 12, 21,  8,  4, 10, 14, 17,  7,  1
 6,  5, 22,  2,  2,  7, 14
16,  6, 19, 23,  8, 15, 16, 16,  8, 15, 10, 12, 19,  8
10,  2, 15, 24,  6, 10,  5, 19, 19, 22
 6,  7,  5, 20, 24, 17, 13, 12,  4,  2
 3, 18, 17,  6, 11, 23
17,  8, 17, 22, 19,  3,  7, 19, 24, 25, 23, 10
18, 13, 10, 14,  7
15, 10,  6, 17, 22, 12,  4,  4,  7, 18
24, 19,  6, 14, 23,  8,  4,  8,  5, 13,  9
13, 15, 25, 15,  7, 16, 12,  2, 10,  4, 16, 23, 11,  4, 13
 2, 16, 22, 22,  3, 18, 15, 16, 24,  9,  6,  4
 1, 24,  6,  6,  4, 14
 4,  8, 12, 13, 10, 14,  4,  9, 11,  9, 10, 11
11, 15, 24,  5, 11, 16, 13,  3,  2, 19, 13, 25,  4, 13
 5, 21, 18,  4, 18, 17
11,  3,  4, 12, 21
24, 25,  4,  3,  9, 19, 15,  3, 18, 25, 16
 9,  8, 18, 21, 12,  2, 14, 23,  2,  5
13,  6, 20, 21, 17, 15,  8, 18, 15, 24
12,  1, 23, 11, 24, 12
23, 12, 23, 23, 15, 14
21,  2, 15,  8, 15,  9, 18, 11,  3, 25,  5
23,  1, 12,  3,  2,  7, 13, 21,  5
13,  2, 24, 15, 10, 23,  3, 23, 22, 13, 21, 20, 14, 11, 18
